80148
80149
80140
80142
80143
80144
80146
80147
80029
80028
80023
80022
80021
80020
80027
80025
80024
80035
80036
80037
80030
80032
80033
80038
80039
80179
80139
80138
80135
80137
80136
80133
80132
80041
80040
80043
80042
80045
80046
80128
80129
80126
80127
80124
80125
80122
80123
80121
80184
80185
80186
80187
80180
80181
80182
80183
80053
80069
80054
80055
80058
80103
80119
80113
80112
80110
80108
80104
80105
80106
80107
80100
80102
80068
80065
80063
80062
80061
80060
80057
80171
80173
80172
80175
80174
80177
80176
80070
80178
80073
80075
80076
80162
80163
80160
80166
80167
80164
80165
80168
80009
80008
80005
80007
80002
80159
80158
80156
80155
80153
80151
80150
80018
80019
80017
80014
80012
80010
